      0.100000000000       0.148347908994
      0.148347908994       0.220071021028
      0.220071021028       0.326470757996
      0.326470757996       0.484312542963
      0.484312542963       0.718467530481
      0.718467530481       1.065831558267
      1.065831558267       1.581138830084
      1.581138830084       2.345586392718
      2.345586392718       3.479628367238
      3.479628367238       5.161955923550
      5.161955923550       7.657653675764
      7.657653675764      11.359969105977
     11.359969105977      16.852276631050
     16.852276631050      25.000000000000
