      0.100000000000       0.152917406510
      0.152917406510       0.233837332137
      0.233837332137       0.357577983756
      0.357577983756       0.546798979010
      0.546798979010       0.836150817524
      0.836150817524       1.278620144668
      1.278620144668       1.955232764339
      1.955232764339       2.989891234459
      2.989891234459       4.572064133200
      4.572064133200       6.991481896457
      6.991481896457      10.691192792668
     10.691192792668      16.348694743517
     16.348694743517      25.000000000000
